670.4776398957097
670.4776398957097
670.4776398957097
670.4776398957097
670.4776398957097
670.4776398957097
670.4776398957097
670.4776398957097
670.4776398957097
670.4776398957097
655.7672100918454
655.7672100918454
655.7672100918454
655.7672100918454
655.7672100918454
655.7672100918454
655.7672100918454
655.7672100918454
655.7672100918454
655.7672100918454
641.2203196996941
641.2203196996941
641.2203196996941
641.2203196996941
641.2203196996941
641.2203196996941
641.2203196996941
641.2203196996941
641.2203196996941
641.2203196996941
626.8369687058973
626.8369687058973
626.8369687058973
626.8369687058973
626.8369687058973
626.8369687058973
626.8369687058973
626.8369687058973
626.8369687058973
626.8369687058973
612.6171570967678
612.6171570967678
612.6171570967678
612.6171570967678
612.6171570967678
612.6171570967678
612.6171570967678
612.6171570967678
612.6171570967678
612.6171570967678
598.5608848578801
598.5608848578801
598.5608848578801
598.5608848578801
598.5608848578801
598.5608848578801
598.5608848578801
598.5608848578801
598.5608848578801
598.5608848578801
584.6681519732385
584.6681519732385
584.6681519732385
584.6681519732385
584.6681519732385
584.6681519732385
584.6681519732385
584.6681519732385
584.6681519732385
584.6681519732385
570.9389584266843
570.9389584266843
570.9389584266843
570.9389584266843
570.9389584266843
570.9389584266843
570.9389584266843
570.9389584266843
570.9389584266843
570.9389584266843
557.373304200703
557.373304200703
557.373304200703
557.373304200703
557.373304200703
557.373304200703
557.373304200703
557.373304200703
557.373304200703
557.373304200703
543.9711892767609
543.9711892767609
543.9711892767609
543.9711892767609
543.9711892767609
543.9711892767609
543.9711892767609
543.9711892767609
543.9711892767609
543.9711892767609
530.7326136351767
530.7326136351767
530.7326136351767
530.7326136351767
530.7326136351767
530.7326136351767
530.7326136351767
530.7326136351767
530.7326136351767
530.7326136351767
517.6575772550873
517.6575772550873
517.6575772550873
517.6575772550873
517.6575772550873
517.6575772550873
517.6575772550873
517.6575772550873
517.6575772550873
517.6575772550873
504.74608011406383
504.74608011406383
504.74608011406383
504.74608011406383
504.74608011406383
504.74608011406383
504.74608011406383
504.74608011406383
504.74608011406383
504.74608011406383
491.9981221885092
491.9981221885092
491.9981221885092
491.9981221885092
491.9981221885092
491.9981221885092
491.9981221885092
491.9981221885092
491.9981221885092
491.9981221885092
479.41370345318353
479.41370345318353
479.41370345318353
479.41370345318353
479.41370345318353
479.41370345318353
479.41370345318353
479.41370345318353
479.41370345318353
479.41370345318353
466.9928238811028
466.9928238811028
466.9928238811028
466.9928238811028
466.9928238811028
466.9928238811028
466.9928238811028
466.9928238811028
466.9928238811028
466.9928238811028
454.73548344365065
454.73548344365065
454.73548344365065
454.73548344365065
454.73548344365065
454.73548344365065
454.73548344365065
454.73548344365065
454.73548344365065
454.73548344365065
442.6416821099292
442.6416821099292
442.6416821099292
442.6416821099292
442.6416821099292
442.6416821099292
442.6416821099292
442.6416821099292
442.6416821099292
442.6416821099292
430.7114198472226
430.7114198472226
430.7114198472226
430.7114198472226
430.7114198472226
430.7114198472226
430.7114198472226
430.7114198472226
430.7114198472226
430.7114198472226
418.94469662034874
418.94469662034874
418.94469662034874
418.94469662034874
418.94469662034874
418.94469662034874
418.94469662034874
418.94469662034874
418.94469662034874
418.94469662034874
407.34151239169273
407.34151239169273
407.34151239169273
407.34151239169273
407.34151239169273
407.34151239169273
407.34151239169273
407.34151239169273
407.34151239169273
407.34151239169273
395.9018671209072
395.9018671209072
395.9018671209072
395.9018671209072
395.9018671209072
395.9018671209072
395.9018671209072
395.9018671209072
395.9018671209072
395.9018671209072
384.62576076468775
384.62576076468775
384.62576076468775
384.62576076468775
384.62576076468775
384.62576076468775
384.62576076468775
384.62576076468775
384.62576076468775
384.62576076468775
373.5131932765275
373.5131932765275
373.5131932765275
373.5131932765275
373.5131932765275
373.5131932765275
373.5131932765275
373.5131932765275
373.5131932765275
373.5131932765275
362.5641646063239
362.5641646063239
362.5641646063239
362.5641646063239
362.5641646063239
362.5641646063239
362.5641646063239
362.5641646063239
362.5641646063239
362.5641646063239
351.77867470030236
351.77867470030236
351.77867470030236
351.77867470030236
351.77867470030236
351.77867470030236
351.77867470030236
351.77867470030236
351.77867470030236
351.77867470030236
341.1567235003727
341.1567235003727
341.1567235003727
341.1567235003727
341.1567235003727
341.1567235003727
341.1567235003727
341.1567235003727
341.1567235003727
341.1567235003727
330.6983109439428
330.6983109439428
330.6983109439428
330.6983109439428
330.6983109439428
330.6983109439428
330.6983109439428
330.6983109439428
330.6983109439428
330.6983109439428
320.403436963331
320.403436963331
320.403436963331
320.403436963331
320.403436963331
320.403436963331
320.403436963331
320.403436963331
320.403436963331
320.403436963331
310.2721014853964
310.2721014853964
310.2721014853964
310.2721014853964
310.2721014853964
310.2721014853964
310.2721014853964
310.2721014853964
310.2721014853964
310.2721014853964
300.30430443086084
300.30430443086084
300.30430443086084
300.30430443086084
300.30430443086084
300.30430443086084
300.30430443086084
300.30430443086084
300.30430443086084
300.30430443086084
290.5000457139321
290.5000457139321
290.5000457139321
290.5000457139321
290.5000457139321
290.5000457139321
290.5000457139321
290.5000457139321
290.5000457139321
290.5000457139321
280.859325241247
280.859325241247
280.859325241247
280.859325241247
280.859325241247
280.859325241247
280.859325241247
280.859325241247
280.859325241247
280.859325241247
271.38214291144646
271.38214291144646
271.38214291144646
271.38214291144646
271.38214291144646
271.38214291144646
271.38214291144646
271.38214291144646
271.38214291144646
271.38214291144646
262.0684986141793
262.0684986141793
262.0684986141793
262.0684986141793
262.0684986141793
262.0684986141793
262.0684986141793
262.0684986141793
262.0684986141793
262.0684986141793
252.91839222907302
252.91839222907302
252.91839222907302
252.91839222907302
252.91839222907302
252.91839222907302
252.91839222907302
252.91839222907302
252.91839222907302
252.91839222907302
243.93182362475693
243.93182362475693
243.93182362475693
243.93182362475693
243.93182362475693
243.93182362475693
243.93182362475693
243.93182362475693
243.93182362475693
243.93182362475693
235.10879265747522
235.10879265747522
235.10879265747522
235.10879265747522
235.10879265747522
235.10879265747522
235.10879265747522
235.10879265747522
235.10879265747522
235.10879265747522
226.44929916983983
226.44929916983983
226.44929916983983
226.44929916983983
226.44929916983983
226.44929916983983
226.44929916983983
226.44929916983983
226.44929916983983
226.44929916983983
217.95334298913312
217.95334298913312
217.95334298913312
217.95334298913312
217.95334298913312
217.95334298913312
217.95334298913312
217.95334298913312
217.95334298913312
217.95334298913312
209.62092392546506
209.62092392546506
209.62092392546506
209.62092392546506
209.62092392546506
209.62092392546506
209.62092392546506
209.62092392546506
209.62092392546506
209.62092392546506
201.45204176980974
201.45204176980974
201.45204176980974
201.45204176980974
201.45204176980974
201.45204176980974
201.45204176980974
201.45204176980974
201.45204176980974
201.45204176980974
193.4466962915182
193.4466962915182
193.4466962915182
193.4466962915182
193.4466962915182
193.4466962915182
193.4466962915182
193.4466962915182
193.4466962915182
193.4466962915182
185.60488723566078
185.60488723566078
185.60488723566078
185.60488723566078
185.60488723566078
185.60488723566078
185.60488723566078
185.60488723566078
185.60488723566078
185.60488723566078
177.92661431987673
177.92661431987673
177.92661431987673
177.92661431987673
177.92661431987673
177.92661431987673
177.92661431987673
177.92661431987673
177.92661431987673
177.92661431987673
170.41187723075151
170.41187723075151
170.41187723075151
170.41187723075151
170.41187723075151
170.41187723075151
170.41187723075151
170.41187723075151
170.41187723075151
170.41187723075151
163.0606756196553
163.0606756196553
163.0606756196553
163.0606756196553
163.0606756196553
163.0606756196553
163.0606756196553
163.0606756196553
163.0606756196553
163.0606756196553
155.87300909787538
155.87300909787538
155.87300909787538
155.87300909787538
155.87300909787538
155.87300909787538
155.87300909787538
155.87300909787538
155.87300909787538
155.87300909787538
148.8488772309775
148.8488772309775
148.8488772309775
148.8488772309775
148.8488772309775
148.8488772309775
148.8488772309775
148.8488772309775
148.8488772309775
148.8488772309775
141.98827953224472
141.98827953224472
141.98827953224472
141.98827953224472
141.98827953224472
141.98827953224472
141.98827953224472
141.98827953224472
141.98827953224472
141.98827953224472
135.29121545490273
135.29121545490273
135.29121545490273
135.29121545490273
135.29121545490273
135.29121545490273
135.29121545490273
135.29121545490273
135.29121545490273
135.29121545490273
128.7576843830618
128.7576843830618
128.7576843830618
128.7576843830618
128.7576843830618
128.7576843830618
128.7576843830618
128.7576843830618
128.7576843830618
128.7576843830618
122.38768562099708
122.38768562099708
122.38768562099708
122.38768562099708
122.38768562099708
122.38768562099708
122.38768562099708
122.38768562099708
122.38768562099708
122.38768562099708
116.18121838041719
116.18121838041719
116.18121838041719
116.18121838041719
116.18121838041719
116.18121838041719
116.18121838041719
116.18121838041719
116.18121838041719
116.18121838041719
110.13828176535051
110.13828176535051
110.13828176535051
110.13828176535051
110.13828176535051
110.13828176535051
110.13828176535051
110.13828176535051
110.13828176535051
110.13828176535051
104.25887475403125
104.25887475403125
104.25887475403125
104.25887475403125
104.25887475403125
104.25887475403125
104.25887475403125
104.25887475403125
104.25887475403125
104.25887475403125
98.54299617720972
98.54299617720972
98.54299617720972
98.54299617720972
98.54299617720972
98.54299617720972
98.54299617720972
98.54299617720972
98.54299617720972
98.54299617720972
92.99064469191887
92.99064469191887
92.99064469191887
92.99064469191887
92.99064469191887
92.99064469191887
92.99064469191887
92.99064469191887
92.99064469191887
92.99064469191887
87.6018187496909
87.6018187496909
87.6018187496909
87.6018187496909
87.6018187496909
87.6018187496909
87.6018187496909
87.6018187496909
87.6018187496909
87.6018187496909
82.37651655780314
82.37651655780314
82.37651655780314
82.37651655780314
82.37651655780314
82.37651655780314
82.37651655780314
82.37651655780314
82.37651655780314
82.37651655780314
77.31473603175579
77.31473603175579
77.31473603175579
77.31473603175579
77.31473603175579
77.31473603175579
77.31473603175579
77.31473603175579
77.31473603175579
77.31473603175579
72.41647473664621
72.41647473664621
72.41647473664621
72.41647473664621
72.41647473664621
72.41647473664621
72.41647473664621
72.41647473664621
72.41647473664621
72.41647473664621
67.68172981443585
67.68172981443585
67.68172981443585
67.68172981443585
67.68172981443585
67.68172981443585
67.68172981443585
67.68172981443585
67.68172981443585
67.68172981443585
63.1104978930324
63.1104978930324
63.1104978930324
63.1104978930324
63.1104978930324
63.1104978930324
63.1104978930324
63.1104978930324
63.1104978930324
63.1104978930324
58.70277497190582
58.70277497190582
58.70277497190582
58.70277497190582
58.70277497190582
58.70277497190582
58.70277497190582
58.70277497190582
58.70277497190582
58.70277497190582
54.458556277078436
54.458556277078436
54.458556277078436
54.458556277078436
54.458556277078436
54.458556277078436
54.458556277078436
54.458556277078436
54.458556277078436
54.458556277078436
50.37783607578415
50.37783607578415
50.37783607578415
50.37783607578415
50.37783607578415
50.37783607578415
50.37783607578415
50.37783607578415
50.37783607578415
50.37783607578415
46.46060743761162
46.46060743761162
46.46060743761162
46.46060743761162
46.46060743761162
46.46060743761162
46.46060743761162
46.46060743761162
46.46060743761162
46.46060743761162
42.70686192382162
42.70686192382162
42.70686192382162
42.70686192382162
42.70686192382162
42.70686192382162
42.70686192382162
42.70686192382162
42.70686192382162
42.70686192382162
39.11658917932425
39.11658917932425
39.11658917932425
39.11658917932425
39.11658917932425
39.11658917932425
39.11658917932425
39.11658917932425
39.11658917932425
39.11658917932425
35.68977639120984
35.68977639120984
35.68977639120984
35.68977639120984
35.68977639120984
35.68977639120984
35.68977639120984
35.68977639120984
35.68977639120984
35.68977639120984
32.42640756212035
32.42640756212035
32.42640756212035
32.42640756212035
32.42640756212035
32.42640756212035
32.42640756212035
32.42640756212035
32.42640756212035
32.42640756212035
29.32646252338945
29.32646252338945
29.32646252338945
29.32646252338945
29.32646252338945
29.32646252338945
29.32646252338945
29.32646252338945
29.32646252338945
29.32646252338945
26.389915577348944
26.389915577348944
26.389915577348944
26.389915577348944
26.389915577348944
26.389915577348944
26.389915577348944
26.389915577348944
26.389915577348944
26.389915577348944
23.6167336033109
23.6167336033109
23.6167336033109
23.6167336033109
23.6167336033109
23.6167336033109
23.6167336033109
23.6167336033109
23.6167336033109
23.6167336033109
21.006873375484027
21.006873375484027
21.006873375484027
21.006873375484027
21.006873375484027
21.006873375484027
21.006873375484027
21.006873375484027
21.006873375484027
21.006873375484027
18.56027770305483
18.56027770305483
18.56027770305483
18.56027770305483
18.56027770305483
18.56027770305483
18.56027770305483
18.56027770305483
18.56027770305483
18.56027770305483
16.27686977762709
16.27686977762709
16.27686977762709
16.27686977762709
16.27686977762709
16.27686977762709
16.27686977762709
16.27686977762709
16.27686977762709
16.27686977762709
14.156544739002259
14.156544739002259
14.156544739002259
14.156544739002259
14.156544739002259
14.156544739002259
14.156544739002259
14.156544739002259
14.156544739002259
14.156544739002259
12.199156835520602
12.199156835520602
12.199156835520602
12.199156835520602
12.199156835520602
12.199156835520602
12.199156835520602
12.199156835520602
12.199156835520602
12.199156835520602
10.40449945693609
10.40449945693609
10.40449945693609
10.40449945693609
10.40449945693609
10.40449945693609
10.40449945693609
10.40449945693609
10.40449945693609
10.40449945693609
8.772273382244668
8.772273382244668
8.772273382244668
8.772273382244668
8.772273382244668
8.772273382244668
8.772273382244668
8.772273382244668
8.772273382244668
8.772273382244668
7.3020351213872505
7.3020351213872505
7.3020351213872505
7.3020351213872505
7.3020351213872505
7.3020351213872505
7.3020351213872505
7.3020351213872505
7.3020351213872505
7.3020351213872505
5.993110980271493
5.993110980271493
5.993110980271493
5.993110980271493
5.993110980271493
5.993110980271493
5.993110980271493
5.993110980271493
5.993110980271493
5.993110980271493
4.844451264844325
4.844451264844325
4.844451264844325
4.844451264844325
4.844451264844325
4.844451264844325
4.844451264844325
4.844451264844325
4.844451264844325
4.844451264844325
3.8543795984562648
3.8543795984562648
3.8543795984562648
3.8543795984562648
3.8543795984562648
3.8543795984562648
3.8543795984562648
3.8543795984562648
3.8543795984562648
3.8543795984562648
3.020161844202189
3.020161844202189
3.020161844202189
3.020161844202189
3.020161844202189
3.020161844202189
3.020161844202189
3.020161844202189
3.020161844202189
3.020161844202189
2.337283887590561
2.337283887590561
2.337283887590561
2.337283887590561
2.337283887590561
2.337283887590561
2.337283887590561
2.337283887590561
2.337283887590561
2.337283887590561
1.7983317008822732
1.7983317008822732
1.7983317008822732
1.7983317008822732
1.7983317008822732
1.7983317008822732
1.7983317008822732
1.7983317008822732
1.7983317008822732
1.7983317008822732
1.391546882525954
1.391546882525954
1.391546882525954
1.391546882525954
1.391546882525954
1.391546882525954
1.391546882525954
1.391546882525954
1.391546882525954
1.391546882525954
1.0996831402673048
1.0996831402673048
1.0996831402673048
1.0996831402673048
1.0996831402673048
1.0996831402673048
1.0996831402673048
1.0996831402673048
1.0996831402673048
1.0996831402673048
0.9004972848950396
0.9004972848950396
0.9004972848950396
0.9004972848950396
0.9004972848950396
0.9004972848950396
0.9004972848950396
0.9004972848950396
0.9004972848950396
0.9004972848950396
0.7698000366875509
0.7698000366875509
0.7698000366875509
0.7698000366875509
0.7698000366875509
0.7698000366875509
0.7698000366875509
0.7698000366875509
0.7698000366875509
0.7698000366875509
0.685750341563897
0.685750341563897
0.685750341563897
0.685750341563897
0.685750341563897
0.685750341563897
0.685750341563897
0.685750341563897
0.685750341563897
0.685750341563897
0.6316657419510827
0.6316657419510827
0.6316657419510827
0.6316657419510827
0.6316657419510827
0.6316657419510827
0.6316657419510827
0.6316657419510827
0.6316657419510827
0.6316657419510827
0.5962857745513017
0.5962857745513017
0.5962857745513017
0.5962857745513017
0.5962857745513017
0.5962857745513017
0.5962857745513017
0.5962857745513017
0.5962857745513017
0.5962857745513017
0.5725473397120586
0.5725473397120586
0.5725473397120586
0.5725473397120586
0.5725473397120586
0.5725473397120586
0.5725473397120586
0.5725473397120586
0.5725473397120586
0.5725473397120586
0.5561569900929514
0.5561569900929514
0.5561569900929514
0.5561569900929514
0.5561569900929514
0.5561569900929514
0.5561569900929514
0.5561569900929514
0.5561569900929514
0.5561569900929514
0.5445126653377963
0.5445126653377963
0.5445126653377963
0.5445126653377963
0.5445126653377963
0.5445126653377963
0.5445126653377963
0.5445126653377963
0.5445126653377963
0.5445126653377963
0.5360160774701389
0.5360160774701389
0.5360160774701389
0.5360160774701389
0.5360160774701389
0.5360160774701389
0.5360160774701389
0.5360160774701389
0.5360160774701389
0.5360160774701389
0.5296640662299469
0.5296640662299469
0.5296640662299469
0.5296640662299469
0.5296640662299469
0.5296640662299469
0.5296640662299469
0.5296640662299469
0.5296640662299469
0.5296640662299469
0.5248111716921157
0.5248111716921157
0.5248111716921157
0.5248111716921157
0.5248111716921157
0.5248111716921157
0.5248111716921157
0.5248111716921157
0.5248111716921157
0.5248111716921157
0.5210314250823008
0.5210314250823008
0.5210314250823008
0.5210314250823008
0.5210314250823008
0.5210314250823008
0.5210314250823008
0.5210314250823008
0.5210314250823008
0.5210314250823008
0.5180367422081874
0.5180367422081874
0.5180367422081874
0.5180367422081874
0.5180367422081874
0.5180367422081874
0.5180367422081874
0.5180367422081874
0.5180367422081874
0.5180367422081874
0.5156277617314546
0.5156277617314546
0.5156277617314546
0.5156277617314546
0.5156277617314546
0.5156277617314546
0.5156277617314546
0.5156277617314546
0.5156277617314546
0.5156277617314546
0.5136635587979997
0.5136635587979997
0.5136635587979997
0.5136635587979997
0.5136635587979997
0.5136635587979997
0.5136635587979997
0.5136635587979997
0.5136635587979997
0.5136635587979997
0.5120425565926959
0.5120425565926959
0.5120425565926959
0.5120425565926959
0.5120425565926959
0.5120425565926959
0.5120425565926959
0.5120425565926959
0.5120425565926959
0.5120425565926959
0.5106902249770778
0.5106902249770778
0.5106902249770778
0.5106902249770778
0.5106902249770778
0.5106902249770778
0.5106902249770778
0.5106902249770778
0.5106902249770778
0.5106902249770778
0.5095509832278099
0.5095509832278099
0.5095509832278099
0.5095509832278099
0.5095509832278099
0.5095509832278099
0.5095509832278099
0.5095509832278099
0.5095509832278099
0.5095509832278099
0.5085827628377378
0.5085827628377378
0.5085827628377378
0.5085827628377378
0.5085827628377378
0.5085827628377378
0.5085827628377378
0.5085827628377378
0.5085827628377378
0.5085827628377378
0.5077532879944101
0.5077532879944101
0.5077532879944101
0.5077532879944101
0.5077532879944101
0.5077532879944101
0.5077532879944101
0.5077532879944101
0.5077532879944101
0.5077532879944101
0.5070374867415217
0.5070374867415217
0.5070374867415217
0.5070374867415217
0.5070374867415217
0.5070374867415217
0.5070374867415217
0.5070374867415217
0.5070374867415217
0.5070374867415217
0.5064156599838998
0.5064156599838998
0.5064156599838998
0.5064156599838998
0.5064156599838998
0.5064156599838998
0.5064156599838998
0.5064156599838998
0.5064156599838998
0.5064156599838998
0.505872167087737
0.505872167087737
0.505872167087737
0.505872167087737
0.505872167087737
0.505872167087737
0.505872167087737
0.505872167087737
0.505872167087737
0.505872167087737
0.5053944692189899
0.5053944692189899
0.5053944692189899
0.5053944692189899
0.5053944692189899
0.5053944692189899
0.5053944692189899
0.5053944692189899
0.5053944692189899
0.5053944692189899
0.5049724240808706
0.5049724240808706
0.5049724240808706
0.5049724240808706
0.5049724240808706
0.5049724240808706
0.5049724240808706
0.5049724240808706
0.5049724240808706
0.5049724240808706
0.5045977597599522
0.5045977597599522
0.5045977597599522
0.5045977597599522
0.5045977597599522
0.5045977597599522
0.5045977597599522
0.5045977597599522
0.5045977597599522
0.5045977597599522
0.5042636778210299
0.5042636778210299
0.5042636778210299
0.5042636778210299
0.5042636778210299
0.5042636778210299
0.5042636778210299
0.5042636778210299
0.5042636778210299
0.5042636778210299
0.5039645507922887
0.5039645507922887
0.5039645507922887
0.5039645507922887
0.5039645507922887
0.5039645507922887
0.5039645507922887
0.5039645507922887
0.5039645507922887
0.5039645507922887
0.503695689358565
0.503695689358565
0.503695689358565
0.503695689358565
0.503695689358565
0.503695689358565
0.503695689358565
0.503695689358565
0.503695689358565
0.503695689358565
0.5034531615763563
0.5034531615763563
0.5034531615763563
0.5034531615763563
0.5034531615763563
0.5034531615763563
0.5034531615763563
0.5034531615763563
0.5034531615763563
0.5034531615763563
0.5032336512945431
0.5032336512945431
0.5032336512945431
0.5032336512945431
0.5032336512945431
0.5032336512945431
0.5032336512945431
0.5032336512945431
0.5032336512945431
0.5032336512945431
0.5030343463956971
0.5030343463956971
0.5030343463956971
0.5030343463956971
0.5030343463956971
0.5030343463956971
0.5030343463956971
0.5030343463956971
0.5030343463956971
0.5030343463956971
0.5028528499168945
0.5028528499168945
0.5028528499168945
0.5028528499168945
0.5028528499168945
0.5028528499168945
0.5028528499168945
0.5028528499168945
0.5028528499168945
0.5028528499168945
0.5026871088684003
0.5026871088684003
0.5026871088684003
0.5026871088684003
0.5026871088684003
0.5026871088684003
0.5026871088684003
0.5026871088684003
0.5026871088684003
0.5026871088684003
0.5025353568478412
0.5025353568478412
0.5025353568478412
0.5025353568478412
0.5025353568478412
0.5025353568478412
0.5025353568478412
0.5025353568478412
0.5025353568478412
0.5025353568478412
0.5023960674863795
0.5023960674863795
0.5023960674863795
0.5023960674863795
0.5023960674863795
0.5023960674863795
0.5023960674863795
0.5023960674863795
0.5023960674863795
0.5023960674863795
0.5022679164586288
0.5022679164586288
0.5022679164586288
0.5022679164586288
0.5022679164586288
0.5022679164586288
0.5022679164586288
0.5022679164586288
0.5022679164586288
0.5022679164586288
0.5021497503072129
0.5021497503072129
0.5021497503072129
0.5021497503072129
0.5021497503072129
0.5021497503072129
0.5021497503072129
0.5021497503072129
0.5021497503072129
0.5021497503072129
0.5020405607236462
0.5020405607236462
0.5020405607236462
0.5020405607236462
0.5020405607236462
0.5020405607236462
0.5020405607236462
0.5020405607236462
0.5020405607236462
0.5020405607236462
0.5019394632235972
0.5019394632235972
0.5019394632235972
0.5019394632235972
0.5019394632235972
0.5019394632235972
0.5019394632235972
0.5019394632235972
0.5019394632235972
0.5019394632235972
0.501845679381006
0.501845679381006
0.501845679381006
0.501845679381006
0.501845679381006
0.501845679381006
0.501845679381006
0.501845679381006
0.501845679381006
0.501845679381006
0.5017585219596766
0.5017585219596766
0.5017585219596766
0.5017585219596766
0.5017585219596766
0.5017585219596766
0.5017585219596766
0.5017585219596766
0.5017585219596766
0.5017585219596766
0.5016773824157853
0.5016773824157853
0.5016773824157853
0.5016773824157853
0.5016773824157853
0.5016773824157853
0.5016773824157853
0.5016773824157853
0.5016773824157853
0.5016773824157853
0.5016017203497737
0.5016017203497737
0.5016017203497737
0.5016017203497737
0.5016017203497737
0.5016017203497737
0.5016017203497737
0.5016017203497737
0.5016017203497737
0.5016017203497737
0.5015310545684056
0.5015310545684056
0.5015310545684056
0.5015310545684056
0.5015310545684056
0.5015310545684056
0.5015310545684056
0.5015310545684056
0.5015310545684056
0.5015310545684056
0.5014649554826245
0.5014649554826245
0.5014649554826245
0.5014649554826245
0.5014649554826245
0.5014649554826245
0.5014649554826245
0.5014649554826245
0.5014649554826245
0.5014649554826245
0.5014030386182513
0.5014030386182513
0.5014030386182513
0.5014030386182513
0.5014030386182513
0.5014030386182513
0.5014030386182513
0.5014030386182513
0.5014030386182513
0.5014030386182513
0.5013449590574913
0.5013449590574913
0.5013449590574913
0.5013449590574913
0.5013449590574913
0.5013449590574913
0.5013449590574913
0.5013449590574913
0.5013449590574913
0.5013449590574913
0.5012904066619936
0.5012904066619936
0.5012904066619936
0.5012904066619936
0.5012904066619936
0.5012904066619936
0.5012904066619936
0.5012904066619936
0.5012904066619936
0.5012904066619936
0.5012391019545512
0.5012391019545512
0.5012391019545512
0.5012391019545512
0.5012391019545512
0.5012391019545512
0.5012391019545512
0.5012391019545512
0.5012391019545512
0.5012391019545512
0.5011907925578272
0.5011907925578272
0.5011907925578272
0.5011907925578272
0.5011907925578272
0.5011907925578272
0.5011907925578272
0.5011907925578272
0.5011907925578272
0.5011907925578272
0.5011452501057647
0.5011452501057647
0.5011452501057647
0.5011452501057647
0.5011452501057647
0.5011452501057647
0.5011452501057647
0.5011452501057647
0.5011452501057647
0.5011452501057647
0.5011022675574215
0.5011022675574215
0.5011022675574215
0.5011022675574215
0.5011022675574215
0.5011022675574215
0.5011022675574215
0.5011022675574215
0.5011022675574215
0.5011022675574215
0.50106165685448
0.50106165685448
0.50106165685448
0.50106165685448
0.50106165685448
0.50106165685448
0.50106165685448
0.50106165685448
0.50106165685448
0.50106165685448
0.5010232468731557
0.5010232468731557
0.5010232468731557
0.5010232468731557
0.5010232468731557
0.5010232468731557
0.5010232468731557
0.5010232468731557
0.5010232468731557
0.5010232468731557
0.5009868816290179
0.5009868816290179
0.5009868816290179
0.5009868816290179
0.5009868816290179
0.5009868816290179
0.5009868816290179
0.5009868816290179
0.5009868816290179
0.5009868816290179
0.5009524186996952
0.5009524186996952
0.5009524186996952
0.5009524186996952
0.5009524186996952
0.5009524186996952
0.5009524186996952
0.5009524186996952
0.5009524186996952
0.5009524186996952
0.5009197278357924
0.5009197278357924
0.5009197278357924
0.5009197278357924
0.5009197278357924
0.5009197278357924
0.5009197278357924
0.5009197278357924
0.5009197278357924
0.5009197278357924
0.5008886897348164
0.5008886897348164
0.5008886897348164
0.5008886897348164
0.5008886897348164
0.5008886897348164
0.5008886897348164
0.5008886897348164
0.5008886897348164
0.5008886897348164
0.5008591949566312
0.5008591949566312
0.5008591949566312
0.5008591949566312
0.5008591949566312
0.5008591949566312
0.5008591949566312
0.5008591949566312
0.5008591949566312
0.5008591949566312
0.5008311429620973
0.5008311429620973
0.5008311429620973
0.5008311429620973
0.5008311429620973
0.5008311429620973
0.5008311429620973
0.5008311429620973
0.5008311429620973
0.5008311429620973
0.5008044412591744
0.5008044412591744
0.5008044412591744
0.5008044412591744
0.5008044412591744
0.5008044412591744
0.5008044412591744
0.5008044412591744
0.5008044412591744
0.5008044412591744
0.5007790046429941
0.5007790046429941
0.5007790046429941
0.5007790046429941
0.5007790046429941
0.5007790046429941
0.5007790046429941
0.5007790046429941
0.5007790046429941
0.5007790046429941
0.5007547545182722
0.5007547545182722
0.5007547545182722
0.5007547545182722
0.5007547545182722
0.5007547545182722
0.5007547545182722
0.5007547545182722
0.5007547545182722
0.5007547545182722
0.5007316182940366
0.5007316182940366
0.5007316182940366
0.5007316182940366
0.5007316182940366
0.5007316182940366
0.5007316182940366
0.5007316182940366
0.5007316182940366
0.5007316182940366
0.500709528841984
0.500709528841984
0.500709528841984
0.500709528841984
0.500709528841984
0.500709528841984
0.500709528841984
0.500709528841984
0.500709528841984
0.500709528841984
0.5006884240109496
0.5006884240109496
0.5006884240109496
0.5006884240109496
0.5006884240109496
0.5006884240109496
0.5006884240109496
0.5006884240109496
0.5006884240109496
0.5006884240109496
0.5006682461909389
0.5006682461909389
0.5006682461909389
0.5006682461909389
0.5006682461909389
0.5006682461909389
0.5006682461909389
0.5006682461909389
0.5006682461909389
0.5006682461909389
0.5006489419210377
0.5006489419210377
0.5006489419210377
0.5006489419210377
0.5006489419210377
0.5006489419210377
0.5006489419210377
0.5006489419210377
0.5006489419210377
0.5006489419210377
0.5006304615362218
0.5006304615362218
0.5006304615362218
0.5006304615362218
0.5006304615362218
0.5006304615362218
0.5006304615362218
0.5006304615362218
0.5006304615362218
0.5006304615362218
0.5006127588487241
0.5006127588487241
0.5006127588487241
0.5006127588487241
0.5006127588487241
0.5006127588487241
0.5006127588487241
0.5006127588487241
0.5006127588487241
0.5006127588487241
0.5005957908601514
0.5005957908601514
0.5005957908601514
0.5005957908601514
0.5005957908601514
0.5005957908601514
0.5005957908601514
0.5005957908601514
0.5005957908601514
0.5005957908601514
0.5005795175010072
0.5005795175010072
0.5005795175010072
0.5005795175010072
0.5005795175010072
0.5005795175010072
0.5005795175010072
0.5005795175010072
0.5005795175010072
0.5005795175010072
0.5005639013946804
0.5005639013946804
0.5005639013946804
0.5005639013946804
0.5005639013946804
0.5005639013946804
0.5005639013946804
0.5005639013946804
0.5005639013946804
0.5005639013946804
0.500548907643314
0.500548907643314
0.500548907643314
0.500548907643314
0.500548907643314
0.500548907643314
0.500548907643314
0.500548907643314
0.500548907643314
0.500548907643314
0.5005345036332611
0.5005345036332611
0.5005345036332611
0.5005345036332611
0.5005345036332611
0.5005345036332611
0.5005345036332611
0.5005345036332611
0.5005345036332611
0.5005345036332611
0.500520658858116
0.500520658858116
0.500520658858116
0.500520658858116
0.500520658858116
0.500520658858116
0.500520658858116
0.500520658858116
0.500520658858116
0.500520658858116
0.5005073447575223
0.5005073447575223
0.5005073447575223
0.5005073447575223
0.5005073447575223
0.5005073447575223
0.5005073447575223
0.5005073447575223
0.5005073447575223
0.5005073447575223
0.5004945345701796
0.5004945345701796
0.5004945345701796
0.5004945345701796
0.5004945345701796
0.5004945345701796
0.5004945345701796
0.5004945345701796
0.5004945345701796
0.5004945345701796
0.5004822031996315
0.5004822031996315
0.5004822031996315
0.5004822031996315
0.5004822031996315
0.5004822031996315
0.5004822031996315
0.5004822031996315
0.5004822031996315
0.5004822031996315
0.5004703270915855
0.5004703270915855
0.5004703270915855
0.5004703270915855
0.5004703270915855
0.5004703270915855
0.5004703270915855
0.5004703270915855
0.5004703270915855
0.5004703270915855
0.5004588841216443
0.5004588841216443
0.5004588841216443
0.5004588841216443
0.5004588841216443
0.5004588841216443
0.5004588841216443
0.5004588841216443
0.5004588841216443
0.5004588841216443
0.5004478534924539
0.5004478534924539
0.5004478534924539
0.5004478534924539
0.5004478534924539
0.5004478534924539
0.5004478534924539
0.5004478534924539
0.5004478534924539
0.5004478534924539
0.5004372156393734
0.5004372156393734
0.5004372156393734
0.5004372156393734
0.5004372156393734
0.5004372156393734
0.5004372156393734
0.5004372156393734
0.5004372156393734
0.5004372156393734
0.5004269521438733
0.5004269521438733
0.5004269521438733
0.5004269521438733
0.5004269521438733
0.5004269521438733
0.5004269521438733
0.5004269521438733
0.5004269521438733
0.5004269521438733
0.5004170456539458
0.5004170456539458
0.5004170456539458
0.5004170456539458
0.5004170456539458
0.5004170456539458
0.5004170456539458
0.5004170456539458
0.5004170456539458
0.5004170456539458
0.5004074798108836
0.5004074798108836
0.5004074798108836
0.5004074798108836
0.5004074798108836
0.5004074798108836
0.5004074798108836
0.5004074798108836
0.5004074798108836
0.5004074798108836
0.5003982391818577
0.5003982391818577
0.5003982391818577
0.5003982391818577
0.5003982391818577
0.5003982391818577
0.5003982391818577
0.5003982391818577
0.5003982391818577
0.5003982391818577
0.5003893091977681
0.5003893091977681
0.5003893091977681
0.5003893091977681
0.5003893091977681
0.5003893091977681
0.5003893091977681
0.5003893091977681
0.5003893091977681
0.5003893091977681
0.5003806760959087
0.5003806760959087
0.5003806760959087
0.5003806760959087
0.5003806760959087
0.5003806760959087
0.5003806760959087
0.5003806760959087
0.5003806760959087
0.5003806760959087
0.5003723268670183
0.5003723268670183
0.5003723268670183
0.5003723268670183
0.5003723268670183
0.5003723268670183
0.5003723268670183
0.5003723268670183
0.5003723268670183
0.5003723268670183
0.5003642492063446
0.5003642492063446
0.5003642492063446
0.5003642492063446
0.5003642492063446
0.5003642492063446
0.5003642492063446
0.5003642492063446
0.5003642492063446
0.5003642492063446
0.5003564314683737
0.5003564314683737
0.5003564314683737
0.5003564314683737
0.5003564314683737
0.5003564314683737
0.5003564314683737
0.5003564314683737
0.5003564314683737
0.5003564314683737
0.5003488626249155
0.5003488626249155
0.5003488626249155
0.5003488626249155
0.5003488626249155
0.5003488626249155
0.5003488626249155
0.5003488626249155
0.5003488626249155
0.5003488626249155
0.5003415322262653
0.5003415322262653
0.5003415322262653
0.5003415322262653
0.5003415322262653
0.5003415322262653
0.5003415322262653
0.5003415322262653
0.5003415322262653
0.5003415322262653
0.500334430365184
0.500334430365184
0.500334430365184
0.500334430365184
0.500334430365184
0.500334430365184
0.500334430365184
0.500334430365184
0.500334430365184
0.500334430365184
0.5003275476434679
0.5003275476434679
0.5003275476434679
0.5003275476434679
0.5003275476434679
0.5003275476434679
0.5003275476434679
0.5003275476434679
0.5003275476434679
0.5003275476434679
0.5003208751408962
0.5003208751408962
0.5003208751408962
0.5003208751408962
0.5003208751408962
0.5003208751408962
0.5003208751408962
0.5003208751408962
0.5003208751408962
0.5003208751408962
0.5003144043863652
0.5003144043863652
0.5003144043863652
0.5003144043863652
0.5003144043863652
0.5003144043863652
0.5003144043863652
0.5003144043863652
0.5003144043863652
0.5003144043863652
0.500308127331035
0.500308127331035
0.500308127331035
0.500308127331035
0.500308127331035
0.500308127331035
0.500308127331035
0.500308127331035
0.500308127331035
0.500308127331035
0.5003020363233316
0.5003020363233316
0.5003020363233316
0.5003020363233316
0.5003020363233316
0.5003020363233316
0.5003020363233316
0.5003020363233316
0.5003020363233316
0.5003020363233316
0.5002961240856549
0.5002961240856549
0.5002961240856549
0.5002961240856549
0.5002961240856549
0.5002961240856549
0.5002961240856549
0.5002961240856549
0.5002961240856549
0.5002961240856549
0.5002903836926678
0.5002903836926678
0.5002903836926678
0.5002903836926678
0.5002903836926678
0.5002903836926678
0.5002903836926678
0.5002903836926678
0.5002903836926678
0.5002903836926678
0.5002848085510374
0.5002848085510374
0.5002848085510374
0.5002848085510374
0.5002848085510374
0.5002848085510374
0.5002848085510374
0.5002848085510374
0.5002848085510374
0.5002848085510374
0.5002793923805251
0.5002793923805251
0.5002793923805251
0.5002793923805251
0.5002793923805251
0.5002793923805251
0.5002793923805251
0.5002793923805251
0.5002793923805251
0.5002793923805251
0.5002741291963192
0.5002741291963192
0.5002741291963192
0.5002741291963192
0.5002741291963192
0.5002741291963192
0.5002741291963192
0.5002741291963192
0.5002741291963192
0.5002741291963192
0.5002690132925195
0.5002690132925195
0.5002690132925195
0.5002690132925195
0.5002690132925195
0.5002690132925195
0.5002690132925195
0.5002690132925195
0.5002690132925195
0.5002690132925195
0.5002640392266895
0.5002640392266895
0.5002640392266895
0.5002640392266895
0.5002640392266895
0.5002640392266895
0.5002640392266895
0.5002640392266895
0.5002640392266895
0.5002640392266895
0.5002592018053963
0.5002592018053963
0.5002592018053963
0.5002592018053963
0.5002592018053963
0.5002592018053963
0.5002592018053963
0.5002592018053963
0.5002592018053963
0.5002592018053963
